(kicad_pcb (version 20171130) (host pcbnew 5.0.2-bee76a0~70~ubuntu18.04.1)

  (general
    (thickness 1.6)
    (drawings 19)
    (tracks 235)
    (zones 0)
    (modules 29)
    (nets 23)
  )

  (page USLetter)
  (title_block
    (rev 1.2)
  )

  (layers
    (0 F.Cu signal)
    (31 B.Cu signal hide)
    (32 B.Adhes user hide)
    (33 F.Adhes user hide)
    (34 B.Paste user hide)
    (35 F.Paste user)
    (36 B.SilkS user hide)
    (37 F.SilkS user)
    (38 B.Mask user hide)
    (39 F.Mask user)
    (40 Dwgs.User user hide)
    (41 Cmts.User user hide)
    (42 Eco1.User user hide)
    (43 Eco2.User user hide)
    (44 Edge.Cuts user)
    (45 Margin user hide)
    (46 B.CrtYd user hide)
    (47 F.CrtYd user)
    (48 B.Fab user hide)
    (49 F.Fab user)
  )

  (setup
    (last_trace_width 0.5)
    (user_trace_width 0.4)
    (user_trace_width 0.5)
    (trace_clearance 0.35)
    (zone_clearance 0.508)
    (zone_45_only no)
    (trace_min 0.3)
    (segment_width 0.2)
    (edge_width 0.15)
    (via_size 1.2)
    (via_drill 0.6)
    (via_min_size 1.2)
    (via_min_drill 0.6)
    (uvia_size 0.3)
    (uvia_drill 0.1)
    (uvias_allowed no)
    (uvia_min_size 0.2)
    (uvia_min_drill 0.1)
    (pcb_text_width 0.3)
    (pcb_text_size 1.5 1.5)
    (mod_edge_width 0.15)
    (mod_text_size 1 1)
    (mod_text_width 0.15)
    (pad_size 1.524 1.524)
    (pad_drill 0.762)
    (pad_to_mask_clearance 0.051)
    (solder_mask_min_width 0.25)
    (aux_axis_origin 130 107.75)
    (visible_elements FFFFFF7F)
    (pcbplotparams
      (layerselection 0x3d0ff_ffffffff)
      (usegerberextensions false)
      (usegerberattributes false)
      (usegerberadvancedattributes false)
      (creategerberjobfile false)
      (excludeedgelayer true)
      (linewidth 0.050000)
      (plotframeref false)
      (viasonmask false)
      (mode 1)
      (useauxorigin true)
      (hpglpennumber 1)
      (hpglpenspeed 20)
      (hpglpendiameter 15.000000)
      (psnegative false)
      (psa4output false)
      (plotreference true)
      (plotvalue true)
      (plotinvisibletext false)
      (padsonsilk false)
      (subtractmaskfromsilk false)
      (outputformat 1)
      (mirror false)
      (drillshape 0)
      (scaleselection 1)
      (outputdirectory "Gerbers/"))
  )

  (net 0 "")
  (net 1 3V3)
  (net 2 GND)
  (net 3 UD+)
  (net 4 UD-)
  (net 5 "Net-(R1-Pad2)")
  (net 6 "Net-(R2-Pad1)")
  (net 7 "Net-(R4-Pad1)")
  (net 8 "Net-(R5-Pad2)")
  (net 9 SDA)
  (net 10 SCL)
  (net 11 eRX)
  (net 12 eTX)
  (net 13 VBUS)
  (net 14 UDP+)
  (net 15 UDP-)
  (net 16 "Net-(C6-Pad1)")
  (net 17 5V)
  (net 18 "Net-(R8-Pad2)")
  (net 19 "Net-(D1-Pad1)")
  (net 20 RESET)
  (net 21 "Net-(D2-Pad2)")
  (net 22 WLED)

  (net_class Default "This is the default net class."
    (clearance 0.35)
    (trace_width 0.3)
    (via_dia 1.2)
    (via_drill 0.6)
    (uvia_dia 0.3)
    (uvia_drill 0.1)
    (diff_pair_gap 0.35)
    (diff_pair_width 0.3)
    (add_net 3V3)
    (add_net 5V)
    (add_net GND)
    (add_net "Net-(C6-Pad1)")
    (add_net "Net-(D1-Pad1)")
    (add_net "Net-(D2-Pad2)")
    (add_net "Net-(R1-Pad2)")
    (add_net "Net-(R2-Pad1)")
    (add_net "Net-(R4-Pad1)")
    (add_net "Net-(R5-Pad2)")
    (add_net "Net-(R8-Pad2)")
    (add_net RESET)
    (add_net SCL)
    (add_net SDA)
    (add_net UD+)
    (add_net UD-)
    (add_net UDP+)
    (add_net UDP-)
    (add_net VBUS)
    (add_net WLED)
    (add_net eRX)
    (add_net eTX)
  )

  (module Fuse:Fuse_0805_2012Metric (layer B.Cu) (tedit 5B36C52C) (tstamp 5DDEB3A0)
    (at 145.675 93.5375 90)
    (descr "Fuse SMD 0805 (2012 Metric), square (rectangular) end terminal, IPC_7351 nominal, (Body size source: https://docs.google.com/spreadsheets/d/1BsfQQcO9C6DZCsRaXUlFlo91Tg2WpOkGARC1WS5S8t0/edit?usp=sharing), generated with kicad-footprint-generator")
    (tags resistor)
    (path /5DC7CFA1)
    (attr smd)
    (fp_text reference F1 (at 2.075 -0.025) (layer B.SilkS)
      (effects (font (size 1 1) (thickness 0.15)) (justify mirror))
    )
    (fp_text value 200mA (at 9.825 0.05 -90) (layer B.Fab)
      (effects (font (size 1 1) (thickness 0.15)) (justify mirror))
    )
    (fp_text user %R (at 0 0 90) (layer B.Fab)
      (effects (font (size 0.5 0.5) (thickness 0.08)) (justify mirror))
    )
    (fp_line (start 1.68 -0.95) (end -1.68 -0.95) (layer B.CrtYd) (width 0.05))
    (fp_line (start 1.68 0.95) (end 1.68 -0.95) (layer B.CrtYd) (width 0.05))
    (fp_line (start -1.68 0.95) (end 1.68 0.95) (layer B.CrtYd) (width 0.05))
    (fp_line (start -1.68 -0.95) (end -1.68 0.95) (layer B.CrtYd) (width 0.05))
    (fp_line (start -0.258578 -0.71) (end 0.258578 -0.71) (layer B.SilkS) (width 0.12))
    (fp_line (start -0.258578 0.71) (end 0.258578 0.71) (layer B.SilkS) (width 0.12))
    (fp_line (start 1 -0.6) (end -1 -0.6) (layer B.Fab) (width 0.1))
    (fp_line (start 1 0.6) (end 1 -0.6) (layer B.Fab) (width 0.1))
    (fp_line (start -1 0.6) (end 1 0.6) (layer B.Fab) (width 0.1))
    (fp_line (start -1 -0.6) (end -1 0.6) (layer B.Fab) (width 0.1))
    (pad 2 smd roundrect (at 0.9375 0 90) (size 0.975 1.4) (layers B.Cu B.Paste B.Mask) (roundrect_rratio 0.25)
      (net 19 "Net-(D1-Pad1)"))
    (pad 1 smd roundrect (at -0.9375 0 90) (size 0.975 1.4) (layers B.Cu B.Paste B.Mask) (roundrect_rratio 0.25)
      (net 17 5V))
    (model ${KISYS3DMOD}/Fuse.3dshapes/Fuse_0805_2012Metric.wrl
      (at (xyz 0 0 0))
      (scale (xyz 1 1 1))
      (rotate (xyz 0 0 0))
    )
  )

  (module CPB:usb-PCB locked (layer B.Cu) (tedit 5DC76E6F) (tstamp 5DD32317)
    (at 130.059217 97.362374 90)
    (path /5DBDB3F6)
    (attr virtual)
    (fp_text reference J1 (at 0.13 7.85 90) (layer B.SilkS) hide
      (effects (font (size 1.5 1.5) (thickness 0.15)) (justify mirror))
    )
    (fp_text value USB (at 0.29 10.13 90) (layer B.SilkS) hide
      (effects (font (size 1.5 1.5) (thickness 0.15)) (justify mirror))
    )
    (fp_poly (pts (xy -6 8.6) (xy 6 8.6) (xy 6 0) (xy -6 0)) (layer B.Mask) (width 0.15))
    (fp_line (start -6.03 0) (end -6.03 12) (layer Dwgs.User) (width 0.15))
    (fp_line (start 6.03 0) (end -6.03 0) (layer Dwgs.User) (width 0.15))
    (fp_line (start 6.03 0) (end 6.03 12) (layer Dwgs.User) (width 0.15))
    (pad 2 connect roundrect (at 1.25 5.15 90) (size 1.5 7.5) (layers B.Cu B.Mask) (roundrect_rratio 0.25)
      (net 4 UD-))
    (pad 3 connect roundrect (at -1.25 5.15 90) (size 1.5 7.5) (layers B.Cu B.Mask) (roundrect_rratio 0.25)
      (net 3 UD+))
    (pad 4 connect roundrect (at -3.81 4.9 90) (size 1.9 8) (layers B.Cu B.Mask) (roundrect_rratio 0.25)
      (net 2 GND))
    (pad 1 connect roundrect (at 3.81 4.9 90) (size 1.9 8) (layers B.Cu B.Mask) (roundrect_rratio 0.25)
      (net 13 VBUS))
  )

  (module Package_SO:SOIC-8_3.9x4.9mm_P1.27mm (layer B.Cu) (tedit 5A02F2D3) (tstamp 5DD29E11)
    (at 148.059217 99.012374)
    (descr "8-Lead Plastic Small Outline (SN) - Narrow, 3.90 mm Body [SOIC] (see Microchip Packaging Specification http://ww1.microchip.com/downloads/en/PackagingSpec/00000049BQ.pdf)")
    (tags "SOIC 1.27")
    (path /5DC02823)
    (attr smd)
    (fp_text reference U1 (at 2.915783 3.412626 180) (layer B.SilkS)
      (effects (font (size 1 1) (thickness 0.15)) (justify mirror))
    )
    (fp_text value CH330N (at -0.859217 -13.037374) (layer B.Fab)
      (effects (font (size 1 1) (thickness 0.15)) (justify mirror))
    )
    (fp_text user %R (at 0 0) (layer B.Fab)
      (effects (font (size 1 1) (thickness 0.15)) (justify mirror))
    )
    (fp_line (start -0.95 2.45) (end 1.95 2.45) (layer B.Fab) (width 0.1))
    (fp_line (start 1.95 2.45) (end 1.95 -2.45) (layer B.Fab) (width 0.1))
    (fp_line (start 1.95 -2.45) (end -1.95 -2.45) (layer B.Fab) (width 0.1))
    (fp_line (start -1.95 -2.45) (end -1.95 1.45) (layer B.Fab) (width 0.1))
    (fp_line (start -1.95 1.45) (end -0.95 2.45) (layer B.Fab) (width 0.1))
    (fp_line (start -3.73 2.7) (end -3.73 -2.7) (layer B.CrtYd) (width 0.05))
    (fp_line (start 3.73 2.7) (end 3.73 -2.7) (layer B.CrtYd) (width 0.05))
    (fp_line (start -3.73 2.7) (end 3.73 2.7) (layer B.CrtYd) (width 0.05))
    (fp_line (start -3.73 -2.7) (end 3.73 -2.7) (layer B.CrtYd) (width 0.05))
    (fp_line (start -2.075 2.575) (end -2.075 2.525) (layer B.SilkS) (width 0.15))
    (fp_line (start 2.075 2.575) (end 2.075 2.43) (layer B.SilkS) (width 0.15))
    (fp_line (start 2.075 -2.575) (end 2.075 -2.43) (layer B.SilkS) (width 0.15))
    (fp_line (start -2.075 -2.575) (end -2.075 -2.43) (layer B.SilkS) (width 0.15))
    (fp_line (start -2.075 2.575) (end 2.075 2.575) (layer B.SilkS) (width 0.15))
    (fp_line (start -2.075 -2.575) (end 2.075 -2.575) (layer B.SilkS) (width 0.15))
    (fp_line (start -2.075 2.525) (end -3.475 2.525) (layer B.SilkS) (width 0.15))
    (pad 1 smd rect (at -2.7 1.905) (size 1.55 0.6) (layers B.Cu B.Paste B.Mask)
      (net 14 UDP+))
    (pad 2 smd rect (at -2.7 0.635) (size 1.55 0.6) (layers B.Cu B.Paste B.Mask)
      (net 15 UDP-))
    (pad 3 smd rect (at -2.7 -0.635) (size 1.55 0.6) (layers B.Cu B.Paste B.Mask)
      (net 2 GND))
    (pad 4 smd rect (at -2.7 -1.905) (size 1.55 0.6) (layers B.Cu B.Paste B.Mask)
      (net 20 RESET))
    (pad 5 smd rect (at 2.7 -1.905) (size 1.55 0.6) (layers B.Cu B.Paste B.Mask)
      (net 17 5V))
    (pad 6 smd rect (at 2.7 -0.635) (size 1.55 0.6) (layers B.Cu B.Paste B.Mask)
      (net 11 eRX))
    (pad 7 smd rect (at 2.7 0.635) (size 1.55 0.6) (layers B.Cu B.Paste B.Mask)
      (net 18 "Net-(R8-Pad2)"))
    (pad 8 smd rect (at 2.7 1.905) (size 1.55 0.6) (layers B.Cu B.Paste B.Mask)
      (net 16 "Net-(C6-Pad1)"))
    (model ${KISYS3DMOD}/Package_SO.3dshapes/SOIC-8_3.9x4.9mm_P1.27mm.wrl
      (at (xyz 0 0 0))
      (scale (xyz 1 1 1))
      (rotate (xyz 0 0 0))
    )
  )

  (module Package_TO_SOT_SMD:SOT-23-5 locked (layer B.Cu) (tedit 5A02FF57) (tstamp 5DD29E26)
    (at 154.355703 93.65862 90)
    (descr "5-pin SOT23 package")
    (tags SOT-23-5)
    (path /5DBE1C35)
    (attr smd)
    (fp_text reference U2 (at 2.20862 -0.105703) (layer B.SilkS)
      (effects (font (size 1 1) (thickness 0.15)) (justify mirror))
    )
    (fp_text value HT7233 (at 9.95862 0.144297 90) (layer B.Fab)
      (effects (font (size 1 1) (thickness 0.15)) (justify mirror))
    )
    (fp_text user %R (at 0 0) (layer B.Fab)
      (effects (font (size 0.5 0.5) (thickness 0.075)) (justify mirror))
    )
    (fp_line (start -0.9 -1.61) (end 0.9 -1.61) (layer B.SilkS) (width 0.12))
    (fp_line (start 0.9 1.61) (end -1.55 1.61) (layer B.SilkS) (width 0.12))
    (fp_line (start -1.9 1.8) (end 1.9 1.8) (layer B.CrtYd) (width 0.05))
    (fp_line (start 1.9 1.8) (end 1.9 -1.8) (layer B.CrtYd) (width 0.05))
    (fp_line (start 1.9 -1.8) (end -1.9 -1.8) (layer B.CrtYd) (width 0.05))
    (fp_line (start -1.9 -1.8) (end -1.9 1.8) (layer B.CrtYd) (width 0.05))
    (fp_line (start -0.9 0.9) (end -0.25 1.55) (layer B.Fab) (width 0.1))
    (fp_line (start 0.9 1.55) (end -0.25 1.55) (layer B.Fab) (width 0.1))
    (fp_line (start -0.9 0.9) (end -0.9 -1.55) (layer B.Fab) (width 0.1))
    (fp_line (start 0.9 -1.55) (end -0.9 -1.55) (layer B.Fab) (width 0.1))
    (fp_line (start 0.9 1.55) (end 0.9 -1.55) (layer B.Fab) (width 0.1))
    (pad 1 smd rect (at -1.1 0.95 90) (size 1.06 0.65) (layers B.Cu B.Paste B.Mask)
      (net 17 5V))
    (pad 2 smd rect (at -1.1 0 90) (size 1.06 0.65) (layers B.Cu B.Paste B.Mask)
      (net 2 GND))
    (pad 3 smd rect (at -1.1 -0.95 90) (size 1.06 0.65) (layers B.Cu B.Paste B.Mask)
      (net 17 5V))
    (pad 4 smd rect (at 1.1 -0.95 90) (size 1.06 0.65) (layers B.Cu B.Paste B.Mask))
    (pad 5 smd rect (at 1.1 0.95 90) (size 1.06 0.65) (layers B.Cu B.Paste B.Mask)
      (net 1 3V3))
    (model ${KISYS3DMOD}/Package_TO_SOT_SMD.3dshapes/SOT-23-5.wrl
      (at (xyz 0 0 0))
      (scale (xyz 1 1 1))
      (rotate (xyz 0 0 0))
    )
  )

  (module CPB:ESP-12Emin (layer F.Cu) (tedit 5DBF21C4) (tstamp 5DD29E4E)
    (at 166.209217 90.312374 270)
    (descr "Module, ESP-8266, ESP-12, 16 pad, SMD")
    (tags "Module ESP-8266 ESP8266")
    (path /5DBDB353)
    (fp_text reference U3 (at -2 -2 270) (layer F.SilkS) hide
      (effects (font (size 1 1) (thickness 0.15)))
    )
    (fp_text value ESP-12 (at 8 1 270) (layer F.Fab)
      (effects (font (size 1 1) (thickness 0.15)))
    )
    (fp_line (start -2.25 -0.5) (end -2.25 -8.75) (layer F.CrtYd) (width 0.05))
    (fp_line (start -2.25 -8.75) (end 15.25 -8.75) (layer F.CrtYd) (width 0.05))
    (fp_line (start 15.25 -8.75) (end 16.25 -8.75) (layer F.CrtYd) (width 0.05))
    (fp_line (start 16.25 -8.75) (end 16.25 16) (layer F.CrtYd) (width 0.05))
    (fp_line (start 16.25 16) (end -2.25 16) (layer F.CrtYd) (width 0.05))
    (fp_line (start -2.25 16) (end -2.25 -0.5) (layer F.CrtYd) (width 0.05))
    (fp_line (start -1.016 -8.382) (end 14.986 -8.382) (layer F.CrtYd) (width 0.1524))
    (fp_line (start 14.986 -8.382) (end 14.986 -0.889) (layer F.CrtYd) (width 0.1524))
    (fp_line (start -1.016 -8.382) (end -1.016 -1.016) (layer F.CrtYd) (width 0.1524))
    (fp_line (start -1.016 14.859) (end -1.016 15.621) (layer F.SilkS) (width 0.1524))
    (fp_line (start -1.016 15.621) (end 14.986 15.621) (layer F.SilkS) (width 0.1524))
    (fp_line (start 14.986 15.621) (end 14.986 14.859) (layer F.SilkS) (width 0.1524))
    (fp_line (start 14.992 -8.4) (end -1.008 -2.6) (layer F.CrtYd) (width 0.1524))
    (fp_line (start -1.008 -8.4) (end 14.992 -2.6) (layer F.CrtYd) (width 0.1524))
    (fp_text user "No Copper" (at 6.892 -5.4 270) (layer F.CrtYd)
      (effects (font (size 1 1) (thickness 0.15)))
    )
    (fp_line (start -1.008 -2.6) (end 14.992 -2.6) (layer F.CrtYd) (width 0.1524))
    (fp_line (start 15 -8.4) (end 15 15.6) (layer F.Fab) (width 0.05))
    (fp_line (start 14.992 15.6) (end -1.008 15.6) (layer F.Fab) (width 0.05))
    (fp_line (start -1.008 15.6) (end -1.008 -8.4) (layer F.Fab) (width 0.05))
    (fp_line (start -1.008 -8.4) (end 14.992 -8.4) (layer F.Fab) (width 0.05))
    (pad 1 thru_hole rect (at 0 0 270) (size 2.5 1.1) (drill 0.65 (offset -0.7 0)) (layers *.Cu *.Mask F.SilkS)
      (net 6 "Net-(R2-Pad1)"))
    (pad 2 thru_hole oval (at 0 2 270) (size 2.5 1.1) (drill 0.65 (offset -0.7 0)) (layers *.Cu *.Mask F.SilkS))
    (pad 3 thru_hole oval (at 0 4 270) (size 2.5 1.1) (drill 0.65 (offset -0.7 0)) (layers *.Cu *.Mask F.SilkS)
      (net 5 "Net-(R1-Pad2)"))
    (pad 4 thru_hole oval (at 0 6 270) (size 2.5 1.1) (drill 0.65 (offset -0.7 0)) (layers *.Cu *.Mask F.SilkS)
      (net 20 RESET))
    (pad 5 thru_hole oval (at 0 8 270) (size 2.5 1.1) (drill 0.65 (offset -0.7 0)) (layers *.Cu *.Mask F.SilkS)
      (net 22 WLED))
    (pad 6 thru_hole oval (at 0 10 270) (size 2.5 1.1) (drill 0.65 (offset -0.7 0)) (layers *.Cu *.Mask F.SilkS))
    (pad 7 thru_hole oval (at 0 12 270) (size 2.5 1.1) (drill 0.65 (offset -0.7 0)) (layers *.Cu *.Mask F.SilkS))
    (pad 8 thru_hole oval (at 0 14 270) (size 2.5 1.1) (drill 0.65 (offset -0.7 0)) (layers *.Cu *.Mask F.SilkS)
      (net 1 3V3))
    (pad 9 thru_hole oval (at 14 14 270) (size 2.5 1.1) (drill 0.65 (offset 0.7 0)) (layers *.Cu *.Mask F.SilkS)
      (net 2 GND))
    (pad 10 thru_hole oval (at 14 12 270) (size 2.5 1.1) (drill 0.65 (offset 0.6 0)) (layers *.Cu *.Mask F.SilkS)
      (net 7 "Net-(R4-Pad1)"))
    (pad 11 thru_hole oval (at 14 10 270) (size 2.5 1.1) (drill 0.65 (offset 0.7 0)) (layers *.Cu *.Mask F.SilkS))
    (pad 12 thru_hole oval (at 14 8 270) (size 2.5 1.1) (drill 0.65 (offset 0.7 0)) (layers *.Cu *.Mask F.SilkS)
      (net 8 "Net-(R5-Pad2)"))
    (pad 13 thru_hole oval (at 14 6 270) (size 2.5 1.1) (drill 0.65 (offset 0.7 0)) (layers *.Cu *.Mask F.SilkS)
      (net 9 SDA))
    (pad 14 thru_hole oval (at 14 4 270) (size 2.5 1.1) (drill 0.65 (offset 0.7 0)) (layers *.Cu *.Mask F.SilkS)
      (net 10 SCL))
    (pad 15 thru_hole oval (at 14 2 270) (size 2.5 1.1) (drill 0.65 (offset 0.7 0)) (layers *.Cu *.Mask F.SilkS)
      (net 11 eRX))
    (pad 16 thru_hole oval (at 14 0 270) (size 2.5 1.1) (drill 0.65 (offset 0.7 0)) (layers *.Cu *.Mask F.SilkS)
      (net 12 eTX))
    (model ${ESPLIB}/ESP8266.3dshapes/ESP-12.wrl
      (at (xyz 0 0 0))
      (scale (xyz 0.3937 0.3937 0.3937))
      (rotate (xyz 0 0 0))
    )
  )

  (module "CPB:Tact Switch 6mmx3.5mm C318817" (layer F.Cu) (tedit 5DD08D33) (tstamp 5DD32787)
    (at 146.75 89.25 90)
    (path /5DC1830B)
    (fp_text reference SW1 (at -2.5 -0.5 180) (layer F.SilkS) hide
      (effects (font (size 1 1) (thickness 0.15)))
    )
    (fp_text value RESET (at 3 0 180) (layer F.Fab) hide
      (effects (font (size 1 1) (thickness 0.15)))
    )
    (fp_line (start -2 3.25) (end -2 -3.25) (layer F.Fab) (width 0.15))
    (fp_line (start 2 3.25) (end -2 3.25) (layer F.Fab) (width 0.15))
    (fp_line (start 2 -3.25) (end 2 3.25) (layer F.Fab) (width 0.15))
    (fp_line (start -2 -3.25) (end 2 -3.25) (layer F.Fab) (width 0.15))
    (fp_line (start 2 3.25) (end 1.25 3.25) (layer F.CrtYd) (width 0.15))
    (fp_line (start 2 -3.25) (end 2 3.25) (layer F.CrtYd) (width 0.15))
    (fp_line (start 1.25 -3.25) (end 2 -3.25) (layer F.CrtYd) (width 0.15))
    (fp_line (start -2 3.25) (end -1.25 3.25) (layer F.CrtYd) (width 0.15))
    (fp_line (start -2 -3.25) (end -2 3.25) (layer F.CrtYd) (width 0.15))
    (fp_line (start -1.25 -3.25) (end -2 -3.25) (layer F.CrtYd) (width 0.15))
    (fp_line (start 0.5 -1.5) (end -0.5 -1.5) (layer F.SilkS) (width 0.15))
    (fp_line (start 0.5 1.5) (end 0.5 -1.5) (layer F.SilkS) (width 0.15))
    (fp_line (start -0.5 1.5) (end 0.5 1.5) (layer F.SilkS) (width 0.15))
    (fp_line (start -0.5 -1.5) (end -0.5 1.5) (layer F.SilkS) (width 0.15))
    (fp_line (start 1.75 3) (end 1.25 3) (layer F.SilkS) (width 0.15))
    (fp_line (start 1.75 -3) (end 1.75 3) (layer F.SilkS) (width 0.15))
    (fp_line (start 1.25 -3) (end 1.75 -3) (layer F.SilkS) (width 0.15))
    (fp_line (start -1.75 3) (end -1.25 3) (layer F.SilkS) (width 0.15))
    (fp_line (start -1.75 -3) (end -1.75 3) (layer F.SilkS) (width 0.15))
    (fp_line (start -1.25 -3) (end -1.75 -3) (layer F.SilkS) (width 0.15))
    (pad 2 thru_hole oval (at 0 -3.3 90) (size 2 1.6) (drill 1) (layers *.Cu *.Mask)
      (net 2 GND))
    (pad 1 thru_hole oval (at 0 3.3 90) (size 2 1.6) (drill 1) (layers *.Cu *.Mask)
      (net 20 RESET))
  )

  (module "CPB:Tact Switch 6mmx3.5mm C318817" (layer F.Cu) (tedit 5DD08D38) (tstamp 5DD327A0)
    (at 146.75 105.5 270)
    (path /5DC1481A)
    (fp_text reference SW2 (at -2.5 -0.5) (layer F.SilkS) hide
      (effects (font (size 1 1) (thickness 0.15)))
    )
    (fp_text value PROG (at 3 0) (layer F.Fab) hide
      (effects (font (size 1 1) (thickness 0.15)))
    )
    (fp_line (start -1.25 -3) (end -1.75 -3) (layer F.SilkS) (width 0.15))
    (fp_line (start -1.75 -3) (end -1.75 3) (layer F.SilkS) (width 0.15))
    (fp_line (start -1.75 3) (end -1.25 3) (layer F.SilkS) (width 0.15))
    (fp_line (start 1.25 -3) (end 1.75 -3) (layer F.SilkS) (width 0.15))
    (fp_line (start 1.75 -3) (end 1.75 3) (layer F.SilkS) (width 0.15))
    (fp_line (start 1.75 3) (end 1.25 3) (layer F.SilkS) (width 0.15))
    (fp_line (start -0.5 -1.5) (end -0.5 1.5) (layer F.SilkS) (width 0.15))
    (fp_line (start -0.5 1.5) (end 0.5 1.5) (layer F.SilkS) (width 0.15))
    (fp_line (start 0.5 1.5) (end 0.5 -1.5) (layer F.SilkS) (width 0.15))
    (fp_line (start 0.5 -1.5) (end -0.5 -1.5) (layer F.SilkS) (width 0.15))
    (fp_line (start -1.25 -3.25) (end -2 -3.25) (layer F.CrtYd) (width 0.15))
    (fp_line (start -2 -3.25) (end -2 3.25) (layer F.CrtYd) (width 0.15))
    (fp_line (start -2 3.25) (end -1.25 3.25) (layer F.CrtYd) (width 0.15))
    (fp_line (start 1.25 -3.25) (end 2 -3.25) (layer F.CrtYd) (width 0.15))
    (fp_line (start 2 -3.25) (end 2 3.25) (layer F.CrtYd) (width 0.15))
    (fp_line (start 2 3.25) (end 1.25 3.25) (layer F.CrtYd) (width 0.15))
    (fp_line (start -2 -3.25) (end 2 -3.25) (layer F.Fab) (width 0.15))
    (fp_line (start 2 -3.25) (end 2 3.25) (layer F.Fab) (width 0.15))
    (fp_line (start 2 3.25) (end -2 3.25) (layer F.Fab) (width 0.15))
    (fp_line (start -2 3.25) (end -2 -3.25) (layer F.Fab) (width 0.15))
    (pad 1 thru_hole oval (at 0 3.3 270) (size 2 1.6) (drill 1) (layers *.Cu *.Mask)
      (net 8 "Net-(R5-Pad2)"))
    (pad 2 thru_hole oval (at 0 -3.3 270) (size 2 1.6) (drill 1) (layers *.Cu *.Mask)
      (net 2 GND))
  )

  (module CPB:AHT10-HandSolder locked (layer B.Cu) (tedit 5DC02370) (tstamp 5DE55293)
    (at 165.855703 99.20862 90)
    (path /5DBE6669)
    (fp_text reference U4 (at -2.79138 1.394297 180) (layer B.SilkS)
      (effects (font (size 1 1) (thickness 0.15)) (justify mirror))
    )
    (fp_text value AHT10 (at 0.10862 6.844297 90) (layer B.Fab)
      (effects (font (size 1 1) (thickness 0.15)) (justify mirror))
    )
    (fp_line (start -2 2.5) (end 2 2.5) (layer B.SilkS) (width 0.15))
    (fp_line (start 2 2.5) (end 2 -2.5) (layer B.SilkS) (width 0.15))
    (fp_line (start 2 -2.5) (end -2 -2.5) (layer B.SilkS) (width 0.15))
    (fp_line (start -2 -2.5) (end -2 2.5) (layer B.SilkS) (width 0.15))
    (fp_circle (center -1.6 2.1) (end -1.4 2) (layer B.SilkS) (width 0.15))
    (fp_line (start -2.1 2.6) (end 2.1 2.6) (layer B.CrtYd) (width 0.15))
    (fp_line (start 2.1 2.6) (end 2.1 -2.6) (layer B.CrtYd) (width 0.15))
    (fp_line (start 2.1 -2.6) (end -2.1 -2.6) (layer B.CrtYd) (width 0.15))
    (fp_line (start -2.1 -2.6) (end -2.1 2.6) (layer B.CrtYd) (width 0.15))
    (fp_line (start -2.2 2.7) (end 2.2 2.7) (layer B.Fab) (width 0.15))
    (fp_line (start 2.2 2.7) (end 2.2 -2.7) (layer B.Fab) (width 0.15))
    (fp_line (start 2.2 -2.7) (end -2.2 -2.7) (layer B.Fab) (width 0.15))
    (fp_line (start -2.2 -2.7) (end -2.2 2.7) (layer B.Fab) (width 0.15))
    (pad 1 smd oval (at -1.6 1.27 90) (size 1.5 0.65) (layers B.Cu B.Paste B.Mask)
      (net 2 GND))
    (pad 2 smd rect (at -1.6 0 90) (size 1.5 0.65) (layers B.Cu B.Paste B.Mask)
      (net 9 SDA))
    (pad 3 smd rect (at -1.6 -1.27 90) (size 1.5 0.65) (layers B.Cu B.Paste B.Mask)
      (net 10 SCL))
    (pad 4 smd rect (at 1.6 -1.27 90) (size 1.5 0.65) (layers B.Cu B.Paste B.Mask)
      (net 1 3V3))
    (pad 5 smd rect (at 1.6 0 90) (size 1.5 0.65) (layers B.Cu B.Paste B.Mask)
      (net 2 GND))
    (pad 6 smd rect (at 1.6 1.27 90) (size 1.5 0.65) (layers B.Cu B.Paste B.Mask))
  )

  (module Package_TO_SOT_SMD:SOT-23-6 (layer B.Cu) (tedit 5A02FF57) (tstamp 5DF746FB)
    (at 141.35 98.725)
    (descr "6-pin SOT-23 package")
    (tags SOT-23-6)
    (path /5DC39FB1)
    (attr smd)
    (fp_text reference U5 (at 0.05 2.525) (layer B.SilkS)
      (effects (font (size 1 1) (thickness 0.15)) (justify mirror))
    )
    (fp_text value USBLC6-2SC6 (at -0.15 12 90) (layer B.Fab)
      (effects (font (size 1 1) (thickness 0.15)) (justify mirror))
    )
    (fp_text user %R (at 0 0 -90) (layer B.Fab)
      (effects (font (size 0.5 0.5) (thickness 0.075)) (justify mirror))
    )
    (fp_line (start -0.9 -1.61) (end 0.9 -1.61) (layer B.SilkS) (width 0.12))
    (fp_line (start 0.9 1.61) (end -1.55 1.61) (layer B.SilkS) (width 0.12))
    (fp_line (start 1.9 1.8) (end -1.9 1.8) (layer B.CrtYd) (width 0.05))
    (fp_line (start 1.9 -1.8) (end 1.9 1.8) (layer B.CrtYd) (width 0.05))
    (fp_line (start -1.9 -1.8) (end 1.9 -1.8) (layer B.CrtYd) (width 0.05))
    (fp_line (start -1.9 1.8) (end -1.9 -1.8) (layer B.CrtYd) (width 0.05))
    (fp_line (start -0.9 0.9) (end -0.25 1.55) (layer B.Fab) (width 0.1))
    (fp_line (start 0.9 1.55) (end -0.25 1.55) (layer B.Fab) (width 0.1))
    (fp_line (start -0.9 0.9) (end -0.9 -1.55) (layer B.Fab) (width 0.1))
    (fp_line (start 0.9 -1.55) (end -0.9 -1.55) (layer B.Fab) (width 0.1))
    (fp_line (start 0.9 1.55) (end 0.9 -1.55) (layer B.Fab) (width 0.1))
    (pad 1 smd rect (at -1.1 0.95) (size 1.06 0.65) (layers B.Cu B.Paste B.Mask)
      (net 3 UD+))
    (pad 2 smd rect (at -1.1 0) (size 1.06 0.65) (layers B.Cu B.Paste B.Mask)
      (net 2 GND))
    (pad 3 smd rect (at -1.1 -0.95) (size 1.06 0.65) (layers B.Cu B.Paste B.Mask)
      (net 4 UD-))
    (pad 4 smd rect (at 1.1 -0.95) (size 1.06 0.65) (layers B.Cu B.Paste B.Mask)
      (net 15 UDP-))
    (pad 6 smd rect (at 1.1 0.95) (size 1.06 0.65) (layers B.Cu B.Paste B.Mask)
      (net 14 UDP+))
    (pad 5 smd rect (at 1.1 0) (size 1.06 0.65) (layers B.Cu B.Paste B.Mask)
      (net 17 5V))
    (model ${KISYS3DMOD}/Package_TO_SOT_SMD.3dshapes/SOT-23-6.wrl
      (at (xyz 0 0 0))
      (scale (xyz 1 1 1))
      (rotate (xyz 0 0 0))
    )
  )

  (module Capacitor_SMD:C_0805_2012Metric (layer F.Cu) (tedit 5B36C52B) (tstamp 5DE7F929)
    (at 147.5625 101.75 180)
    (descr "Capacitor SMD 0805 (2012 Metric), square (rectangular) end terminal, IPC_7351 nominal, (Body size source: https://docs.google.com/spreadsheets/d/1BsfQQcO9C6DZCsRaXUlFlo91Tg2WpOkGARC1WS5S8t0/edit?usp=sharing), generated with kicad-footprint-generator")
    (tags capacitor)
    (path /5DD5E86C)
    (attr smd)
    (fp_text reference C9 (at -2.1875 0 90) (layer F.SilkS)
      (effects (font (size 1 1) (thickness 0.15)))
    )
    (fp_text value 47u (at 0.5625 -7.25 180) (layer F.Fab)
      (effects (font (size 1 1) (thickness 0.15)))
    )
    (fp_line (start -1 0.6) (end -1 -0.6) (layer F.Fab) (width 0.1))
    (fp_line (start -1 -0.6) (end 1 -0.6) (layer F.Fab) (width 0.1))
    (fp_line (start 1 -0.6) (end 1 0.6) (layer F.Fab) (width 0.1))
    (fp_line (start 1 0.6) (end -1 0.6) (layer F.Fab) (width 0.1))
    (fp_line (start -0.258578 -0.71) (end 0.258578 -0.71) (layer F.SilkS) (width 0.12))
    (fp_line (start -0.258578 0.71) (end 0.258578 0.71) (layer F.SilkS) (width 0.12))
    (fp_line (start -1.68 0.95) (end -1.68 -0.95) (layer F.CrtYd) (width 0.05))
    (fp_line (start -1.68 -0.95) (end 1.68 -0.95) (layer F.CrtYd) (width 0.05))
    (fp_line (start 1.68 -0.95) (end 1.68 0.95) (layer F.CrtYd) (width 0.05))
    (fp_line (start 1.68 0.95) (end -1.68 0.95) (layer F.CrtYd) (width 0.05))
    (fp_text user %R (at 0 0 180) (layer F.Fab)
      (effects (font (size 0.5 0.5) (thickness 0.08)))
    )
    (pad 1 smd roundrect (at -0.9375 0 180) (size 0.975 1.4) (layers F.Cu F.Paste F.Mask) (roundrect_rratio 0.25)
      (net 2 GND))
    (pad 2 smd roundrect (at 0.9375 0 180) (size 0.975 1.4) (layers F.Cu F.Paste F.Mask) (roundrect_rratio 0.25)
      (net 17 5V))
    (model ${KISYS3DMOD}/Capacitor_SMD.3dshapes/C_0805_2012Metric.wrl
      (at (xyz 0 0 0))
      (scale (xyz 1 1 1))
      (rotate (xyz 0 0 0))
    )
  )

  (module LED_SMD:LED_SK6812_PLCC4_5.0x5.0mm_P3.2mm (layer F.Cu) (tedit 5AA4B263) (tstamp 5DE7F93F)
    (at 147.5 97.160001 90)
    (descr https://cdn-shop.adafruit.com/product-files/1138/SK6812+LED+datasheet+.pdf)
    (tags "LED RGB NeoPixel")
    (path /5DD551FE)
    (attr smd)
    (fp_text reference D2 (at 0 0 90) (layer F.SilkS)
      (effects (font (size 1 1) (thickness 0.15)))
    )
    (fp_text value SK6812 (at 11.410001 -0.5 180) (layer F.Fab)
      (effects (font (size 1 1) (thickness 0.15)))
    )
    (fp_text user %R (at 0 0 90) (layer F.Fab)
      (effects (font (size 0.8 0.8) (thickness 0.15)))
    )
    (fp_line (start 3.45 -2.75) (end -3.45 -2.75) (layer F.CrtYd) (width 0.05))
    (fp_line (start 3.45 2.75) (end 3.45 -2.75) (layer F.CrtYd) (width 0.05))
    (fp_line (start -3.45 2.75) (end 3.45 2.75) (layer F.CrtYd) (width 0.05))
    (fp_line (start -3.45 -2.75) (end -3.45 2.75) (layer F.CrtYd) (width 0.05))
    (fp_line (start 2.5 1.5) (end 1.5 2.5) (layer F.Fab) (width 0.1))
    (fp_line (start -2.5 -2.5) (end -2.5 2.5) (layer F.Fab) (width 0.1))
    (fp_line (start -2.5 2.5) (end 2.5 2.5) (layer F.Fab) (width 0.1))
    (fp_line (start 2.5 2.5) (end 2.5 -2.5) (layer F.Fab) (width 0.1))
    (fp_line (start 2.5 -2.5) (end -2.5 -2.5) (layer F.Fab) (width 0.1))
    (fp_line (start -3.65 -2.75) (end 3.65 -2.75) (layer F.SilkS) (width 0.12))
    (fp_line (start -3.65 2.75) (end 3.65 2.75) (layer F.SilkS) (width 0.12))
    (fp_line (start 3.65 2.75) (end 3.65 1.6) (layer F.SilkS) (width 0.12))
    (fp_circle (center 0 0) (end 0 -2) (layer F.Fab) (width 0.1))
    (pad 1 smd rect (at 2.45 1.6 90) (size 1.5 1) (layers F.Cu F.Paste F.Mask)
      (net 2 GND))
    (pad 2 smd rect (at 2.45 -1.6 90) (size 1.5 1) (layers F.Cu F.Paste F.Mask)
      (net 21 "Net-(D2-Pad2)"))
    (pad 4 smd rect (at -2.45 1.6 90) (size 1.5 1) (layers F.Cu F.Paste F.Mask))
    (pad 3 smd rect (at -2.45 -1.6 90) (size 1.5 1) (layers F.Cu F.Paste F.Mask)
      (net 17 5V))
    (model ${KISYS3DMOD}/LED_SMD.3dshapes/LED_SK6812_PLCC4_5.0x5.0mm_P3.2mm.wrl
      (at (xyz 0 0 0))
      (scale (xyz 1 1 1))
      (rotate (xyz 0 0 0))
    )
  )

  (module Capacitor_SMD:C_0805_2012Metric (layer B.Cu) (tedit 5B36C52B) (tstamp 5DF3AAFA)
    (at 157.3 93.50862 270)
    (descr "Capacitor SMD 0805 (2012 Metric), square (rectangular) end terminal, IPC_7351 nominal, (Body size source: https://docs.google.com/spreadsheets/d/1BsfQQcO9C6DZCsRaXUlFlo91Tg2WpOkGARC1WS5S8t0/edit?usp=sharing), generated with kicad-footprint-generator")
    (tags capacitor)
    (path /5DBDD191)
    (attr smd)
    (fp_text reference C1 (at -2.00862 0.05) (layer B.SilkS)
      (effects (font (size 1 1) (thickness 0.15)) (justify mirror))
    )
    (fp_text value 100n (at -8.75862 0.05 270) (layer B.Fab)
      (effects (font (size 1 1) (thickness 0.15)) (justify mirror))
    )
    (fp_text user %R (at 0 0 270) (layer B.Fab)
      (effects (font (size 0.5 0.5) (thickness 0.08)) (justify mirror))
    )
    (fp_line (start 1.68 -0.95) (end -1.68 -0.95) (layer B.CrtYd) (width 0.05))
    (fp_line (start 1.68 0.95) (end 1.68 -0.95) (layer B.CrtYd) (width 0.05))
    (fp_line (start -1.68 0.95) (end 1.68 0.95) (layer B.CrtYd) (width 0.05))
    (fp_line (start -1.68 -0.95) (end -1.68 0.95) (layer B.CrtYd) (width 0.05))
    (fp_line (start -0.258578 -0.71) (end 0.258578 -0.71) (layer B.SilkS) (width 0.12))
    (fp_line (start -0.258578 0.71) (end 0.258578 0.71) (layer B.SilkS) (width 0.12))
    (fp_line (start 1 -0.6) (end -1 -0.6) (layer B.Fab) (width 0.1))
    (fp_line (start 1 0.6) (end 1 -0.6) (layer B.Fab) (width 0.1))
    (fp_line (start -1 0.6) (end 1 0.6) (layer B.Fab) (width 0.1))
    (fp_line (start -1 -0.6) (end -1 0.6) (layer B.Fab) (width 0.1))
    (pad 2 smd roundrect (at 0.9375 0 270) (size 0.975 1.4) (layers B.Cu B.Paste B.Mask) (roundrect_rratio 0.25)
      (net 2 GND))
    (pad 1 smd roundrect (at -0.9375 0 270) (size 0.975 1.4) (layers B.Cu B.Paste B.Mask) (roundrect_rratio 0.25)
      (net 1 3V3))
    (model ${KISYS3DMOD}/Capacitor_SMD.3dshapes/C_0805_2012Metric.wrl
      (at (xyz 0 0 0))
      (scale (xyz 1 1 1))
      (rotate (xyz 0 0 0))
    )
  )

  (module Capacitor_SMD:C_0805_2012Metric (layer B.Cu) (tedit 5B36C52B) (tstamp 5DF3AB0A)
    (at 149.525 93.50862 90)
    (descr "Capacitor SMD 0805 (2012 Metric), square (rectangular) end terminal, IPC_7351 nominal, (Body size source: https://docs.google.com/spreadsheets/d/1BsfQQcO9C6DZCsRaXUlFlo91Tg2WpOkGARC1WS5S8t0/edit?usp=sharing), generated with kicad-footprint-generator")
    (tags capacitor)
    (path /5DBE3E3F)
    (attr smd)
    (fp_text reference C2 (at 2.00862 -0.025 180) (layer B.SilkS)
      (effects (font (size 1 1) (thickness 0.15)) (justify mirror))
    )
    (fp_text value 10u (at 9.50862 -0.275 90) (layer B.Fab)
      (effects (font (size 1 1) (thickness 0.15)) (justify mirror))
    )
    (fp_line (start -1 -0.6) (end -1 0.6) (layer B.Fab) (width 0.1))
    (fp_line (start -1 0.6) (end 1 0.6) (layer B.Fab) (width 0.1))
    (fp_line (start 1 0.6) (end 1 -0.6) (layer B.Fab) (width 0.1))
    (fp_line (start 1 -0.6) (end -1 -0.6) (layer B.Fab) (width 0.1))
    (fp_line (start -0.258578 0.71) (end 0.258578 0.71) (layer B.SilkS) (width 0.12))
    (fp_line (start -0.258578 -0.71) (end 0.258578 -0.71) (layer B.SilkS) (width 0.12))
    (fp_line (start -1.68 -0.95) (end -1.68 0.95) (layer B.CrtYd) (width 0.05))
    (fp_line (start -1.68 0.95) (end 1.68 0.95) (layer B.CrtYd) (width 0.05))
    (fp_line (start 1.68 0.95) (end 1.68 -0.95) (layer B.CrtYd) (width 0.05))
    (fp_line (start 1.68 -0.95) (end -1.68 -0.95) (layer B.CrtYd) (width 0.05))
    (fp_text user %R (at 0 0 90) (layer B.Fab)
      (effects (font (size 0.5 0.5) (thickness 0.08)) (justify mirror))
    )
    (pad 1 smd roundrect (at -0.9375 0 90) (size 0.975 1.4) (layers B.Cu B.Paste B.Mask) (roundrect_rratio 0.25)
      (net 17 5V))
    (pad 2 smd roundrect (at 0.9375 0 90) (size 0.975 1.4) (layers B.Cu B.Paste B.Mask) (roundrect_rratio 0.25)
      (net 2 GND))
    (model ${KISYS3DMOD}/Capacitor_SMD.3dshapes/C_0805_2012Metric.wrl
      (at (xyz 0 0 0))
      (scale (xyz 1 1 1))
      (rotate (xyz 0 0 0))
    )
  )

  (module Capacitor_SMD:C_0805_2012Metric (layer B.Cu) (tedit 5B36C52B) (tstamp 5DF3AB1A)
    (at 147.575 93.50862 90)
    (descr "Capacitor SMD 0805 (2012 Metric), square (rectangular) end terminal, IPC_7351 nominal, (Body size source: https://docs.google.com/spreadsheets/d/1BsfQQcO9C6DZCsRaXUlFlo91Tg2WpOkGARC1WS5S8t0/edit?usp=sharing), generated with kicad-footprint-generator")
    (tags capacitor)
    (path /5DC0C395)
    (attr smd)
    (fp_text reference C3 (at 2.00862 -0.075 180) (layer B.SilkS)
      (effects (font (size 1 1) (thickness 0.15)) (justify mirror))
    )
    (fp_text value 100n (at 10.25862 -0.075 270) (layer B.Fab)
      (effects (font (size 1 1) (thickness 0.15)) (justify mirror))
    )
    (fp_text user %R (at 0 0 90) (layer B.Fab)
      (effects (font (size 0.5 0.5) (thickness 0.08)) (justify mirror))
    )
    (fp_line (start 1.68 -0.95) (end -1.68 -0.95) (layer B.CrtYd) (width 0.05))
    (fp_line (start 1.68 0.95) (end 1.68 -0.95) (layer B.CrtYd) (width 0.05))
    (fp_line (start -1.68 0.95) (end 1.68 0.95) (layer B.CrtYd) (width 0.05))
    (fp_line (start -1.68 -0.95) (end -1.68 0.95) (layer B.CrtYd) (width 0.05))
    (fp_line (start -0.258578 -0.71) (end 0.258578 -0.71) (layer B.SilkS) (width 0.12))
    (fp_line (start -0.258578 0.71) (end 0.258578 0.71) (layer B.SilkS) (width 0.12))
    (fp_line (start 1 -0.6) (end -1 -0.6) (layer B.Fab) (width 0.1))
    (fp_line (start 1 0.6) (end 1 -0.6) (layer B.Fab) (width 0.1))
    (fp_line (start -1 0.6) (end 1 0.6) (layer B.Fab) (width 0.1))
    (fp_line (start -1 -0.6) (end -1 0.6) (layer B.Fab) (width 0.1))
    (pad 2 smd roundrect (at 0.9375 0 90) (size 0.975 1.4) (layers B.Cu B.Paste B.Mask) (roundrect_rratio 0.25)
      (net 2 GND))
    (pad 1 smd roundrect (at -0.9375 0 90) (size 0.975 1.4) (layers B.Cu B.Paste B.Mask) (roundrect_rratio 0.25)
      (net 17 5V))
    (model ${KISYS3DMOD}/Capacitor_SMD.3dshapes/C_0805_2012Metric.wrl
      (at (xyz 0 0 0))
      (scale (xyz 1 1 1))
      (rotate (xyz 0 0 0))
    )
  )

  (module Capacitor_SMD:C_0805_2012Metric (layer B.Cu) (tedit 5B36C52B) (tstamp 5DF3AB2A)
    (at 159.25 93.50862 270)
    (descr "Capacitor SMD 0805 (2012 Metric), square (rectangular) end terminal, IPC_7351 nominal, (Body size source: https://docs.google.com/spreadsheets/d/1BsfQQcO9C6DZCsRaXUlFlo91Tg2WpOkGARC1WS5S8t0/edit?usp=sharing), generated with kicad-footprint-generator")
    (tags capacitor)
    (path /5DBE3E90)
    (attr smd)
    (fp_text reference C4 (at -2.00862 0) (layer B.SilkS)
      (effects (font (size 1 1) (thickness 0.15)) (justify mirror))
    )
    (fp_text value 10u (at -8.50862 0.25 270) (layer B.Fab)
      (effects (font (size 1 1) (thickness 0.15)) (justify mirror))
    )
    (fp_text user %R (at 0 0 270) (layer B.Fab)
      (effects (font (size 0.5 0.5) (thickness 0.08)) (justify mirror))
    )
    (fp_line (start 1.68 -0.95) (end -1.68 -0.95) (layer B.CrtYd) (width 0.05))
    (fp_line (start 1.68 0.95) (end 1.68 -0.95) (layer B.CrtYd) (width 0.05))
    (fp_line (start -1.68 0.95) (end 1.68 0.95) (layer B.CrtYd) (width 0.05))
    (fp_line (start -1.68 -0.95) (end -1.68 0.95) (layer B.CrtYd) (width 0.05))
    (fp_line (start -0.258578 -0.71) (end 0.258578 -0.71) (layer B.SilkS) (width 0.12))
    (fp_line (start -0.258578 0.71) (end 0.258578 0.71) (layer B.SilkS) (width 0.12))
    (fp_line (start 1 -0.6) (end -1 -0.6) (layer B.Fab) (width 0.1))
    (fp_line (start 1 0.6) (end 1 -0.6) (layer B.Fab) (width 0.1))
    (fp_line (start -1 0.6) (end 1 0.6) (layer B.Fab) (width 0.1))
    (fp_line (start -1 -0.6) (end -1 0.6) (layer B.Fab) (width 0.1))
    (pad 2 smd roundrect (at 0.9375 0 270) (size 0.975 1.4) (layers B.Cu B.Paste B.Mask) (roundrect_rratio 0.25)
      (net 2 GND))
    (pad 1 smd roundrect (at -0.9375 0 270) (size 0.975 1.4) (layers B.Cu B.Paste B.Mask) (roundrect_rratio 0.25)
      (net 1 3V3))
    (model ${KISYS3DMOD}/Capacitor_SMD.3dshapes/C_0805_2012Metric.wrl
      (at (xyz 0 0 0))
      (scale (xyz 1 1 1))
      (rotate (xyz 0 0 0))
    )
  )

  (module Capacitor_SMD:C_0805_2012Metric (layer B.Cu) (tedit 5DD08CEA) (tstamp 5DF3AB3A)
    (at 165.5 95.75)
    (descr "Capacitor SMD 0805 (2012 Metric), square (rectangular) end terminal, IPC_7351 nominal, (Body size source: https://docs.google.com/spreadsheets/d/1BsfQQcO9C6DZCsRaXUlFlo91Tg2WpOkGARC1WS5S8t0/edit?usp=sharing), generated with kicad-footprint-generator")
    (tags capacitor)
    (path /5DBEEB4D)
    (attr smd)
    (fp_text reference C5 (at -2.25 0) (layer B.SilkS)
      (effects (font (size 1 1) (thickness 0.15)) (justify mirror))
    )
    (fp_text value 100n (at 4.75 0) (layer B.Fab)
      (effects (font (size 1 1) (thickness 0.15)) (justify mirror))
    )
    (fp_line (start -1 -0.6) (end -1 0.6) (layer B.Fab) (width 0.1))
    (fp_line (start -1 0.6) (end 1 0.6) (layer B.Fab) (width 0.1))
    (fp_line (start 1 0.6) (end 1 -0.6) (layer B.Fab) (width 0.1))
    (fp_line (start 1 -0.6) (end -1 -0.6) (layer B.Fab) (width 0.1))
    (fp_line (start -0.258578 0.71) (end 0.258578 0.71) (layer B.SilkS) (width 0.12))
    (fp_line (start -0.258578 -0.71) (end 0.258578 -0.71) (layer B.SilkS) (width 0.12))
    (fp_line (start -1.68 -0.95) (end -1.68 0.95) (layer B.CrtYd) (width 0.05))
    (fp_line (start -1.68 0.95) (end 1.68 0.95) (layer B.CrtYd) (width 0.05))
    (fp_line (start 1.68 0.95) (end 1.68 -0.95) (layer B.CrtYd) (width 0.05))
    (fp_line (start 1.68 -0.95) (end -1.68 -0.95) (layer B.CrtYd) (width 0.05))
    (fp_text user %R (at 0 0) (layer B.Fab)
      (effects (font (size 0.5 0.5) (thickness 0.08)) (justify mirror))
    )
    (pad 1 smd roundrect (at -0.9375 0) (size 0.975 1.4) (layers B.Cu B.Paste B.Mask) (roundrect_rratio 0.25)
      (net 1 3V3))
    (pad 2 smd roundrect (at 0.9375 0) (size 0.975 1.4) (layers B.Cu B.Paste B.Mask) (roundrect_rratio 0.25)
      (net 2 GND))
    (model ${KISYS3DMOD}/Capacitor_SMD.3dshapes/C_0805_2012Metric.wrl
      (at (xyz 0 0 0))
      (scale (xyz 1 1 1))
      (rotate (xyz 0 0 0))
    )
  )

  (module Capacitor_SMD:C_0805_2012Metric (layer B.Cu) (tedit 5B36C52B) (tstamp 5DF3AB4A)
    (at 147.8 102.75 180)
    (descr "Capacitor SMD 0805 (2012 Metric), square (rectangular) end terminal, IPC_7351 nominal, (Body size source: https://docs.google.com/spreadsheets/d/1BsfQQcO9C6DZCsRaXUlFlo91Tg2WpOkGARC1WS5S8t0/edit?usp=sharing), generated with kicad-footprint-generator")
    (tags capacitor)
    (path /5DC2141A)
    (attr smd)
    (fp_text reference C6 (at 2.3 0 180) (layer B.SilkS)
      (effects (font (size 1 1) (thickness 0.15)) (justify mirror))
    )
    (fp_text value 100n (at 0 -7.25 180) (layer B.Fab)
      (effects (font (size 1 1) (thickness 0.15)) (justify mirror))
    )
    (fp_line (start -1 -0.6) (end -1 0.6) (layer B.Fab) (width 0.1))
    (fp_line (start -1 0.6) (end 1 0.6) (layer B.Fab) (width 0.1))
    (fp_line (start 1 0.6) (end 1 -0.6) (layer B.Fab) (width 0.1))
    (fp_line (start 1 -0.6) (end -1 -0.6) (layer B.Fab) (width 0.1))
    (fp_line (start -0.258578 0.71) (end 0.258578 0.71) (layer B.SilkS) (width 0.12))
    (fp_line (start -0.258578 -0.71) (end 0.258578 -0.71) (layer B.SilkS) (width 0.12))
    (fp_line (start -1.68 -0.95) (end -1.68 0.95) (layer B.CrtYd) (width 0.05))
    (fp_line (start -1.68 0.95) (end 1.68 0.95) (layer B.CrtYd) (width 0.05))
